1 2
2 4
3 5
4 9
5 11
6 12
7 13
8 16
9 19
10 21
11 24
12 26
13 28
14 31
15 32
16 35
17 36
18 39
19 42
20 41
21 44
22 46
23 50
24 52
25 55
26 56
27 59
28 62
29 61
30 64
31 67
32 69
33 73
34 74
35 76
36 78
37 80
38 83
39 84
40 85
41 87
42 89
43 93
44 94
45 96
46 97
47 100
48 101
49 106
50 107
51 110
52 113
53 112
54 114
55 118
56 121
57 120
58 124
59 127
60 129
61 132
62 131
63 136
64 138
65 140
66 142
67 145
68 146
69 149
70 150
71 153
72 156
73 159
74 160
75 161
76 164
77 168
78 169
79 170
80 172
81 174
82 176
83 179
84 180
85 178
86 185
87 186
88 190
89 189
90 192
91 196
92 198
93 201
94 203
95 206
96 209
97 208
98 211
99 214
100 217
101 219
102 218
103 223
104 226
105 228
106 231
107 233
108 224
109 237
110 240
111 241
112 238
113 245
114 246
115 249
116 252
117 255
118 254
119 257
120 260
121 262
122 265
123 267
124 270
125 271
126 273
127 274
128 276
129 278
130 281
131 284
132 286
133 288
134 289
135 292
136 294
137 297
138 298
139 301
140 302
141 305
142 307
143 309
144 312
145 315
146 317
147 318
148 320
149 322
150 321
151 328
152 327
153 330
154 333
155 336
156 337
157 338
158 342
159 341
160 346
161 349
162 348
163 354
164 352
165 358
166 357
167 360
168 364
169 367
170 369
171 370
172 374
173 373
174 377
175 379
176 383
177 382
178 384
179 387
180 386
181 390
182 394
183 396
184 399
185 401
186 402
187 404
188 403
189 407
190 410
191 414
192 411
193 416
194 419
195 423
196 422
197 427
198 428
199 430
200 431
201 434
202 437
203 440
204 442
205 445
206 444
207 448
208 451
209 450
210 453
211 456
212 458
213 457
214 463
215 464
216 467
217 470
218 471
219 475
220 477
221 476
222 474
223 481
224 484
225 486
226 489
227 488
228 490
229 495
230 494
231 499
232 502
233 504
234 505
235 507
236 510
237 511
238 513
239 516
240 519
241 522
242 518
243 523
244 527
245 530
246 529
247 533
248 535
249 537
250 542
251 540
252 545
253 548
254 547
255 551
256 553
257 555
258 557
259 559
260 563
261 564
262 567
263 569
264 573
265 572
266 576
267 575
268 580
269 579
270 583
271 585
272 588
273 591
274 594
275 595
276 596
277 597
278 603
279 602
280 604
281 606
282 610
283 612
284 613
285 617
286 619
287 620
288 622
289 626
290 625
291 628
292 630
293 633
294 634
295 637
296 639
297 641
298 642
299 640
300 647
301 648
302 650
303 653
304 656
305 659
306 662
307 664
308 665
309 668
310 670
311 673
312 672
313 676
314 679
315 678
316 682
317 683
318 685
319 688
320 690
321 691
322 693
323 694
324 700
325 702
326 701
327 704
328 708
329 707
330 711
331 712
332 716
333 715
334 720
335 724
336 726
337 722
338 729
339 731
340 733
341 735
342 737
343 739
344 740
345 744
346 747
347 748
348 751
349 752
350 755
351 757
352 760
353 761
354 763
355 767
356 769
357 771
358 774
359 775
360 777
361 779
362 781
363 783
364 786
365 785
366 789
367 791
368 792
369 794
370 797
371 799
372 802
373 804
374 807
375 808
376 810
377 811
378 814
379 817
380 818
381 816
382 824
383 826
384 827
385 831
386 834
387 835
388 838
389 839
390 837
391 843
392 846
393 849
394 851
395 848
396 855
397 858
398 859
399 861
400 863
401 865
402 868
403 869
404 872
405 873
406 876
407 877
408 880
409 883
410 885
411 887
412 890
413 893
414 892
415 897
416 896
417 899
418 902
419 903
420 906
421 909
422 911
423 912
424 913
425 916
426 920
427 922
428 925
429 926
430 928
431 931
432 934
433 933
434 935
435 937
436 941
437 944
438 943
439 946
440 950
441 951
442 954
443 956
444 955
445 960
446 959
447 964
448 966
449 969
450 971
451 973
452 972
453 976
454 979
455 982
456 983
457 985
458 989
459 987
460 991
461 993
462 995
463 999
464 1000
465 1003
466 1006
467 1005
468 1010
469 1008
470 1015
471 1016
472 1017
473 1021
474 1024
475 1026
476 1025
477 1028
478 1030
479 1033
480 1036
481 1038
482 1037
483 1040
484 1043
485 1045
486 1050
487 1049
488 1053
489 1056
490 1057
491 1060
492 1061
493 1062
494 1067
495 1066
496 1071
497 1073
498 1075
499 1077
500 1076
501 1083
502 1084
503 1087
504 1082
505 1090
506 1092
507 1094
508 1095
509 1097
510 1100
511 1103
512 1105
513 1107
514 1109
515 1111
516 1114
517 1116
518 1118
519 1121
520 1122
521 1123
522 1126
523 1128
524 1130
525 1132
526 1136
527 1137
528 1138
529 1142
530 1144
531 1146
532 1148
533 1143
534 1153
535 1154
536 1157
537 1160
538 1162
539 1163
540 1164
541 1167
542 1169
543 1172
544 1174
545 1176
546 1179
547 1180
548 1178
549 1185
550 1187
551 1189
552 1190
553 1193
554 1196
555 1195
556 1200
557 1198
558 1201
559 1204
560 1207
561 1209
562 1212
563 1214
564 1216
565 1220
566 1221
567 1222
568 1226
569 1229
570 1227
571 1231
572 1233
573 1236
574 1238
575 1240
576 1241
577 1246
578 1249
579 1250
580 1252
581 1256
582 1255
583 1259
584 1262
585 1264
586 1267
587 1268
588 1269
589 1272
590 1275
591 1278
592 1279
593 1280
594 1285
595 1284
596 1287
597 1288
598 1291
599 1294
600 1295
601 1297
602 1300
603 1302
604 1304
605 1305
606 1307
607 1310
608 1314
609 1315
610 1318
611 1317
612 1321
613 1324
614 1325
615 1323
616 1330
617 1333
618 1334
619 1336
620 1337
621 1341
622 1343
623 1342
624 1348
625 1351
626 1350
627 1354
628 1355
629 1356
630 1358
631 1360
632 1353
633 1366
634 1365
635 1370
636 1372
637 1375
638 1377
639 1380
640 1378
641 1384
642 1387
643 1390
644 1389
645 1393
646 1396
647 1397
648 1401
649 1402
650 1404
651 1406
652 1407
653 1409
654 1412
655 1414
656 1416
657 1418
658 1419
659 1421
660 1425
661 1426
662 1430
663 1431
664 1432
665 1436
666 1437
667 1440
668 1442
669 1445
670 1443
671 1448
672 1449
673 1452
674 1450
675 1456
676 1457
677 1459
678 1462
679 1465
680 1467
681 1469
682 1472
683 1474
684 1473
685 1480
686 1481
687 1483
688 1484
689 1487
690 1488
691 1491
692 1492
693 1494
694 1498
695 1501
696 1500
697 1504
698 1507
699 1509
700 1510
701 1513
702 1515
703 1518
704 1520
705 1523
706 1524
707 1527
708 1526
709 1531
710 1533
711 1532
712 1537
713 1539
714 1542
715 1545
716 1544
717 1548
718 1549
719 1551
720 1553
721 1555
722 1559
723 1561
724 1564
725 1562
726 1567
727 1570
728 1572
729 1573
730 1577
731 1580
732 1576
733 1584
734 1585
735 1587
736 1589
737 1591
738 1593
739 1596
740 1599
741 1598
742 1603
743 1602
744 1605
745 1609
746 1610
747 1614
748 1612
749 1618
750 1619
751 1622
752 1623
753 1625
754 1628
755 1631
756 1630
757 1634
758 1635
759 1638
760 1637
761 1642
762 1644
763 1646
764 1648
765 1651
766 1654
767 1656
768 1657
769 1660
770 1661
771 1665
772 1666
773 1667
774 1669
775 1673
776 1676
777 1679
778 1681
779 1682
780 1685
781 1684
782 1689
783 1691
784 1694
785 1693
786 1695
787 1700
788 1698
789 1703
790 1706
791 1709
792 1710
793 1714
794 1717
795 1716
796 1718
797 1721
798 1723
799 1722
800 1724
801 1728
802 1732
803 1731
804 1734
805 1738
806 1741
807 1743
808 1747
809 1746
810 1749
811 1751
812 1753
813 1757
814 1755
815 1760
816 1763
817 1765
818 1768
819 1771
820 1773
821 1769
822 1775
823 1776
824 1779
825 1782
826 1783
827 1785
828 1790
829 1793
830 1794
831 1796
832 1797
833 1800
834 1804
835 1805
836 1806
837 1810
838 1811
839 1813
840 1816
841 1817
842 1820
843 1823
844 1822
845 1828
846 1827
847 1831
848 1833
849 1835
850 1836
851 1838
852 1840
853 1842
854 1846
855 1847
856 1848
857 1853
858 1852
859 1850
860 1857
861 1860
862 1862
863 1864
864 1867
865 1865
866 1871
867 1872
868 1874
869 1877
870 1879
871 1882
872 1884
873 1885
874 1888
875 1890
876 1892
877 1894
878 1896
879 1898
880 1903
881 1904
882 1906
883 1910
884 1911
885 1912
886 1913
887 1916
888 1919
889 1922
890 1923
891 1925
892 1927
893 1930
894 1931
895 1936
896 1935
897 1938
898 1941
899 1943
900 1945
901 1947
902 1950
903 1952
904 1956
905 1951
906 1955
907 1960
908 1962
909 1964
910 1967
911 1963
912 1970
913 1971
914 1975
915 1977
916 1979
917 1980
918 1984
919 1987
920 1986
921 1990
922 1992
923 1994
924 1993
925 1999
926 2000
927 2004
928 2005
929 2007
930 2009
931 2011
932 2014
933 2017
934 2019
935 2020
936 2023
937 2024
938 2027
939 2029
940 2031
941 2034
942 2036
943 2038
944 2041
945 2040
946 2045
947 2048
948 2047
949 2051
950 2054
951 2055
952 2057
953 2060
954 2062
955 2061
956 2066
957 2068
958 2069
959 2073
960 2075
961 2077
962 2079
963 2081
964 2083
965 2086
966 2087
967 2091
968 2092
969 2093
970 2096
971 2100
972 2099
973 2102
974 2104
975 2106
976 2110
977 2109
978 2111
979 2115
980 2117
981 2119
982 2121
983 2124
984 2126
985 2128
986 2123
987 2131
988 2135
989 2138
990 2136
991 2141
992 2140
993 2142
994 2146
995 2151
996 2147
997 2155
998 2154
999 2160
1000 2159
