1 9
2 9
3 15
4 20
5 25
6 31
7 49
8 41
9 54
10 61
11 77
12 85
13 104
14 113
15 135
16 145
17 170
18 181
19 209
20 221
21 252
22 265
23 299
24 313
25 350
26 365
27 405
28 421
29 464
30 481
31 527
32 545
33 594
34 613
35 665
36 685
37 740
38 761
39 819
40 841
41 902
42 925
43 989
44 1013
45 1080
46 1105
47 1175
48 1201
49 1274
50 1301
51 1377
52 1405
53 1484
54 1513
55 1595
56 1625
57 1710
58 1741
59 1829
60 1861
61 1952
62 1985
63 2079
64 2113
65 2210
66 2245
67 2345
68 2381
69 2484
70 2521
71 2627
72 2665
73 2774
74 2813
75 2925
76 2965
77 3080
78 3121
79 3239
80 3281
81 3402
82 3445
83 3569
84 3613
85 3740
86 3785
87 3915
88 3961
89 4094
90 4141
91 4277
92 4325
93 4464
94 4513
95 4655
96 4705
97 4850
98 4901
99 5049
100 5101
101 5252
102 5305
103 5459
104 5513
105 5670
106 5725
107 5885
108 5941
109 6104
110 6161
111 6327
112 6385
113 6554
114 6613
115 6785
116 6845
117 7020
118 7081
119 7259
120 7321
121 7502
122 7565
123 7749
124 7813
125 8000
126 8065
127 8255
128 8321
129 8514
130 8581
131 8777
132 8845
133 9044
134 9113
135 9315
136 9385
137 9590
138 9661
139 9869
140 9941
141 10152
142 10225
143 10439
144 10513
145 10730
146 10805
147 11025
148 11101
149 11324
150 11401
151 11627
152 11705
153 11934
154 12013
155 12245
156 12325
157 12560
158 12641
159 12879
160 12961
161 13202
162 13285
163 13529
164 13613
165 13860
166 13945
167 14195
168 14281
169 14534
170 14621
171 14877
172 14965
173 15224
174 15313
175 15575
176 15665
177 15930
178 16021
179 16289
180 16381
181 16652
182 16745
183 17019
184 17113
185 17390
186 17485
187 17765
188 17861
189 18144
190 18241
191 18527
192 18625
193 18914
194 19013
195 19305
196 19405
197 19700
198 19801
199 20099
200 20201
201 20502
202 20605
203 20909
204 21013
205 21320
206 21425
207 21735
208 21841
209 22154
210 22261
211 22577
212 22685
213 23004
214 23113
215 23435
216 23545
217 23870
218 23981
219 24309
220 24421
221 24752
222 24865
223 25199
224 25313
225 25650
226 25765
227 26105
228 26221
229 26564
230 26681
231 27027
232 27145
233 27494
234 27613
235 27965
236 28085
237 28440
238 28561
239 28919
240 29041
241 29402
242 29525
243 29889
244 30013
245 30380
246 30505
247 30875
248 31001
249 31374
250 31501
251 31877
252 32005
253 32384
254 32513
255 32895
256 33025
257 33410
258 33541
259 33929
260 34061
261 34452
262 34585
263 34979
264 35113
265 35510
266 35645
267 36045
268 36181
269 36584
270 36721
271 37127
272 37265
273 37674
274 37813
275 38225
276 38365
277 38780
278 38921
279 39339
280 39481
281 39902
282 40045
283 40469
284 40613
285 41040
286 41185
287 41615
288 41761
289 42194
290 42341
291 42777
292 42925
293 43364
294 43513
295 43955
296 44105
297 44550
298 44701
299 45149
300 45301
301 45752
302 45905
303 46359
304 46513
305 46970
306 47125
307 47585
308 47741
309 48204
310 48361
311 48827
312 48985
313 49454
314 49613
315 50085
316 50245
317 50720
318 50881
319 51359
320 51521
321 52002
322 52165
323 52649
324 52813
325 53300
326 53465
327 53955
328 54121
329 54614
330 54781
331 55277
332 55445
333 55944
334 56113
335 56615
336 56785
337 57290
338 57461
339 57969
340 58141
341 58652
342 58825
343 59339
344 59513
345 60030
346 60205
347 60725
348 60901
349 61424
350 61601
351 62127
352 62305
353 62834
354 63013
355 63545
356 63725
357 64260
358 64441
359 64979
360 65161
361 65702
362 65885
363 66429
364 66613
365 67160
366 67345
367 67895
368 68081
369 68634
370 68821
371 69377
372 69565
373 70124
374 70313
375 70875
376 71065
377 71630
378 71821
379 72389
380 72581
381 73152
382 73345
383 73919
384 74113
385 74690
386 74885
387 75465
388 75661
389 76244
390 76441
391 77027
392 77225
393 77814
394 78013
395 78605
396 78805
397 79400
398 79601
399 80199
400 80401
401 81002
402 81205
403 81809
404 82013
405 82620
406 82825
407 83435
408 83641
409 84254
410 84461
411 85077
412 85285
413 85904
414 86113
415 86735
416 86945
417 87570
418 87781
419 88409
420 88621
421 89252
422 89465
423 90099
424 90313
425 90950
426 91165
427 91805
428 92021
429 92664
430 92881
431 93527
432 93745
433 94394
434 94613
435 95265
436 95485
437 96140
438 96361
439 97019
440 97241
441 97902
442 98125
443 98789
444 99013
445 99680
446 99905
447 100575
448 100801
449 101474
450 101701
451 102377
452 102605
453 103284
454 103513
455 104195
456 104425
457 105110
458 105341
459 106029
460 106261
461 106952
462 107185
463 107879
464 108113
465 108810
466 109045
467 109745
468 109981
469 110684
470 110921
471 111627
472 111865
473 112574
474 112813
475 113525
476 113765
477 114480
478 114721
479 115439
480 115681
481 116402
482 116645
483 117369
484 117613
485 118340
486 118585
487 119315
488 119561
489 120294
490 120541
491 121277
492 121525
493 122264
494 122513
495 123255
496 123505
497 124250
498 124501
499 125249
500 125501
